0.8478829412412783 0.9954790035454412 0.9157720412501017 
0.8354624919175704 0.9909338651152155 0.9065809544426352 
0.8488193653577203 0.9971203149649934 0.9170126651006382 
0.8180164777383879 0.9951413588118966 0.8979273759596108 
0.8339332760844569 0.99686874460492 0.9081506450397643 
0.8269557880372462 0.9941756797852243 0.9028885033844244 
0.8257059825645204 0.9979285224685664 0.9036849751415705 
0.8311902232733682 0.9952447852303782 0.905849626617685 
0.8528679793736437 0.9959760401865132 0.9188834362571233 
0.8171567869341724 0.9911306359339317 0.8957747708129351 
0.8203288554998577 0.9981365120180159 0.9005397596919711 
0.8153781539365519 0.9957067748556385 0.8965648590376689 
0.8317154255926995 0.9983868184410795 0.9074615588423234 
0.8233969496199552 0.9962117673750553 0.9015979345128343 
0.839261337499781 0.9960368897064286 0.9109530427941893 
0.8208724538993071 0.9932650746405418 0.8988777602202063 
0.8380171007480279 0.9966561306146725 0.910478080502762 
0.8266242107605943 0.9929421757159982 0.9021820236210473 
0.8399216598805369 0.9970247758396984 0.9117551697548117 
0.8013270139355995 0.9960959956281077 0.8881589091970378 
0.8380657547672927 0.996956670777661 0.910632189704648 
0.8276309681025119 0.9949166052486575 0.9035964879305276 
0.8440606381307342 0.9970758031973578 0.9142097454813277 
0.8309471230253167 0.9944260841976093 0.9053660812546593 
0.8361313226614507 0.9972394473846902 0.9096066674292512 
0.8183670127488003 0.9964001708044778 0.898650844773462 
0.8329647804165213 0.9979221440488589 0.9080123829418495 
0.8373593254952476 0.9920841753876124 0.9081788374838388 
0.8314062859437131 0.9977148111157886 0.9069999431686913 
0.8173351687933881 0.9936868733631294 0.8969247303041221 
0.832374664313257 0.9977072667483927 0.9075727563310002 
0.8330047074677871 0.9937292589908626 0.9062963363982559 
0.8400673458976873 0.9981932611790035 0.9123293622062792 
0.828882980389682 0.9944860276258274 0.9041642573836924 
0.8414913296082093 0.9973854651863795 0.9128302924996577 
0.8139941490800009 0.992053997918029 0.8942465362498222 
0.830249782804138 0.9976324403408573 0.9062773371538567 
0.8013301096610717 0.9880959484415188 0.8849664741776196 
0.8303482363770724 0.9960635548483054 0.9056879944175817 
0.8284040981501619 0.9907344194753318 0.9023265082013396 
