0.7834250377772005 0.990343589053162 0.8748152965731562 
0.7404598191445172 0.983165802198404 0.844724936866168 
0.7746563709895389 0.9914983558749233 0.8697658325414719 
0.7421967305848971 0.9775370983531366 0.8437641060665411 
0.7683116403020513 0.9921579455396404 0.8660035989338839 
0.7496032255191317 0.9851952298694512 0.8514020977852241 
0.7715376643822165 0.9910610254502803 0.8676290448267824 
0.7382390636158818 0.9847006231930027 0.8438420353000008 
0.7783757933874538 0.991120925912826 0.8719592736576166 
0.7376103426405339 0.977134795437068 0.840643563015259 
0.7659718842775465 0.9904239127210327 0.8638563949616231 
0.7441030738670058 0.9865506917647703 0.8483446161743446 
0.7773019056964721 0.9893633892936765 0.8706052585117248 
0.7396846179173245 0.9837703975336983 0.8444430798533568 
0.7658741211262916 0.9936054830031011 0.865002042939626 
0.7362933052188745 0.9843925636713393 0.8424566824692123 
0.786268033590505 0.9903272733081256 0.87657855986834 
0.7470298689892385 0.9871406827968153 0.8504625732274906 
0.7739885180295334 0.9901379878464814 0.8688214040267958 
0.7679338691366937 0.9858165973342583 0.8633405587893609 
0.7648568283632098 0.9929981493609477 0.8641229506589391 
0.7439953388894972 0.9838716007913707 0.8472827024397208 
0.7671665344960819 0.9928316831231303 0.8655318329922036 
0.7424765816405006 0.9869728474055683 0.8474422132341604 
0.7829832805914207 0.9913369098663478 0.8749268931649338 
0.7385175189823974 0.987134521606382 0.844916727882043 
0.7742463233376804 0.9909320968356582 0.8692894994455755 
0.7470216244659117 0.9851556385161115 0.849719692278048 
0.7641094580107782 0.9925666378383806 0.8634825252877918 
0.7470307804984812 0.9848829487913798 0.8496241648675489 
0.7757512875610282 0.9908377393451339 0.8702008677221055 
0.7447681163699453 0.9842605544615005 0.847927962711025 
0.774304544652433 0.9922666791411757 0.8698393688495331 
0.7457502891463518 0.9881600175251639 0.8500100794796908 
0.7839778100856931 0.9915104089768197 0.8756151133655578 
0.7271397060115686 0.9819690480048011 0.8355567581064909 
0.7683392137679682 0.9930105858379333 0.8663457684063665 
0.7474247185723056 0.9871411391812919 0.8507185643550605 
0.7768686216813788 0.9890381012580238 0.8702075330861686 
0.7652342480984817 0.9895603191953029 0.8630588000683438 
