0.806988209159734 0.9957495757845258 0.8914864642488926 
0.7816812055630868 0.9916106615851745 0.8742197849738436 
0.8166929618391658 0.9952283431862265 0.8971647731595657 
0.79764604852075 0.9926699214860364 0.8845357508102201 
0.8032265134530727 0.9963609200701661 0.8894299805172767 
0.8014302189082472 0.9923584095602618 0.8867332580743726 
0.8059722609285347 0.9958453353803789 0.8909045156800129 
0.787339938773939 0.9948106921396009 0.878998863344512 
0.7995587935794026 0.9957209310097419 0.8869229852435474 
0.795887493333675 0.990212438516037 0.8824788372755701 
0.8198088972332113 0.9956066076675242 0.8991959723894069 
0.8000840646755247 0.9877829183023742 0.8840807283952006 
0.8151317740966795 0.9949599689272396 0.896113125483851 
0.8025240896052017 0.9922122871079417 0.8873439829248707 
0.818680975276169 0.996110448795419 0.8987222034287584 
0.7931790665645684 0.9908098014235089 0.8810476427719238 
0.7919047001350974 0.9961539274714303 0.8823636597180474 
0.78709316833472 0.9931215029504118 0.8781852693465183 
0.8145058716104168 0.9962756677642617 0.8962675656797425 
0.7852996912723857 0.9916702529470017 0.8765014242549759 
0.8113429670494278 0.9937135802149176 0.8933155316278397 
0.778568031042347 0.9868558847279701 0.8704248721587726 
0.8133824367146493 0.9951149576193737 0.8951177165922377 
0.7940240492503565 0.9931809238076271 0.8825059807332536 
0.8003796806601985 0.9973090109641286 0.8880579506719368 
0.799229879207856 0.9878021000712027 0.8835666762266601 
0.802722604428769 0.9955658570653019 0.8888042544629914 
0.8049905608167296 0.9940186982177494 0.8895737087757654 
0.8073273221064092 0.9960366202985058 0.8918084236653299 
0.7938213724457701 0.9905038308976181 0.8813226523759662 
0.8087838201000408 0.9942085551029984 0.8919613906651086 
0.788485041195632 0.9904196016193846 0.8779908957323788 
0.8055174905438083 0.9940967040776519 0.8899266129593262 
0.8023552746641939 0.9934854450443176 0.8877494294291274 
0.8110379033333243 0.994184940214263 0.8933209241385127 
0.7917585620443351 0.9890042428367603 0.879457471840519 
0.8044066966326868 0.995623743381011 0.8898587364956944 
0.7917063283345537 0.9936173303615516 0.881244276978495 
0.803979112462887 0.9951884288342322 0.8894232375608966 
0.7837566002320236 0.9901737339691564 0.8749556669869792 
