0.6925408276033712 0.9865019330654183 0.8137885242247478 
0.6652307462735623 0.9771931583527791 0.7915848425651475 
0.6963486412897284 0.9829839848336168 0.8152042681723928 
0.6602287159172844 0.9743780949442511 0.7871157689645361 
0.7003640332123989 0.9833446780482673 0.818074100525587 
0.6390519718018194 0.9651879067159597 0.7689688346558189 
0.6921926731161736 0.9828437250393511 0.8123014234670732 
0.6539866745731532 0.9689391513894794 0.7809023472838973 
0.6927476321382054 0.9846022586408227 0.8132839630192759 
0.6311701710392618 0.962641380903488 0.7624370952685258 
0.6902739442468052 0.9848265386675689 0.8116529201427505 
0.6644606213876746 0.9727779703315294 0.7895888331828249 
0.6996660092044708 0.9844934139299891 0.8179945063995131 
0.6482957584447651 0.9668551657276955 0.7761604115018873 
0.6977604057678891 0.9847396991427413 0.8167754284759294 
0.637606810039971 0.9753440549846586 0.7711158784501748 
0.6932675846146408 0.9827557983592776 0.8130110182420667 
0.6586808133484537 0.9745373849618594 0.7860665256231603 
0.6966089239473247 0.9848168772707417 0.8160124873351619 
0.6668946137995421 0.9715781852320885 0.7909075561087848 
0.6818033887335002 0.9845116888741737 0.8056620440425424 
0.6562531989595711 0.9658261240210227 0.781498752308678 
0.6900539356466379 0.9841499384248931 0.8112710151899675 
0.6597107926975317 0.974044537418441 0.7866388339279737 
0.6981451863735022 0.9852247936322054 0.8172059087899608 
0.6648155743142993 0.9711336180701133 0.7892968278461033 
0.6978687689442241 0.9860358687992968 0.8172952582587083 
0.6574143329818392 0.9727663407505979 0.7845885371558541 
0.6960211397856991 0.9843559229719994 0.8154509444890791 
0.6439499591486272 0.9681233186665522 0.7734424732243886 
0.6942712022646265 0.9845858715040554 0.8143273509369267 
0.6512531655955663 0.9748224859004546 0.780844641825035 
0.693918482159849 0.9849462123071626 0.8142078190169582 
0.643830596439565 0.9686588080067198 0.773527164129877 
0.6901755584063901 0.9851317569847527 0.8116885233346895 
0.6565813114879173 0.976554941047716 0.785222571524693 
0.6900506312389991 0.9847349415869057 0.8114674249296026 
0.649474078940771 0.9723076771268874 0.7787590786323793 
0.6946411244372912 0.9850612746760765 0.8147444116788909 
0.6614828890049697 0.9728648397769728 0.7875110461427274 
