0.6901805517669077 0.9837727271703307 0.8112302920219215 
0.6222315970911121 0.9815057358110295 0.7616258211593927 
0.6694552978901717 0.9873246723600514 0.7978968173417599 
0.6648742095446067 0.976705631284631 0.7911724649714267 
0.7143117329150529 0.9812893241151863 0.8267823078943258 
0.6207122174492283 0.9779201499413165 0.7594078502853996 
0.6939865805717788 0.9844851887144529 0.814097111719721 
0.6405394934188321 0.9752933234513835 0.7732407521569673 
0.6811878111161064 0.9868981565958636 0.8060291952556452 
0.6329412476364039 0.9774176422839318 0.7683354882458886 
0.6622849445235218 0.9879968852334686 0.7929984449051509 
0.630377539205726 0.9767690079228307 0.7662440549518343 
0.6879640139298205 0.983454492344868 0.8095893368787397 
0.6482564451217192 0.9698767234278051 0.7771039481246095 
0.6861058638657894 0.981089432396125 0.8075013335906055 
0.6279053131475306 0.9794521525154293 0.7652351436145082 
0.6799392839984759 0.9862287971729814 0.8049316389940725 
0.6529962373751397 0.9784304104538977 0.7832548002204294 
0.7117711558251426 0.9830716794283487 0.8257073174823611 
0.6407370146766392 0.976867827420308 0.7738792060779821 
0.6938314543157057 0.9841857265898788 0.8138879884746985 
0.6002925090790007 0.9811412450505774 0.7448579344083573 
0.671170742924416 0.9849596124113084 0.7983382137556821 
0.6109807921128676 0.9770611111486565 0.7518259693352366 
0.6872974685777066 0.983108173558876 0.8090103888308342 
0.6444013113898449 0.9789969520642837 0.7772176846051081 
0.7053879413009183 0.9829453766967706 0.8213518128063617 
0.6294854323513088 0.9760571471051369 0.7653658808015806 
0.6738247090700442 0.9860644984948048 0.8005770756197926 
0.6320977746519565 0.9758715226387509 0.7672363133369582 
0.6971072184487641 0.9818005423057833 0.8153160776511931 
0.6028477060813282 0.9791110900856861 0.7462329310815107 
0.6948667362677501 0.9839717177997493 0.8145265132219724 
0.6650208696077261 0.9724847772168494 0.7898875628052203 
0.6966228751889597 0.9816439028895693 0.8149307451888866 
0.633198266302618 0.9730755916592139 0.7671789895178003 
0.7072622030972373 0.9840972696232919 0.8230240988998214 
0.6509918263139143 0.9738440709427876 0.7803428412166162 
0.6994985631545384 0.9809912136250761 0.8166689900523668 
0.6808843841472226 0.9736862300737167 0.8013774007808476 
