0.7548728991971323 0.9904713672992519 0.8567707895312044 
0.7416399042322813 0.986004947377421 0.8465404380584436 
0.7534204518721302 0.9939116995227674 0.8571162628440685 
0.7258297984596678 0.9866446478713674 0.8363757922929609 
0.7600552326526296 0.9905889046656159 0.8601431488550091 
0.7293872782912522 0.9858505468961547 0.8384456506769998 
0.7676355557011882 0.9901850509068036 0.8648223248066202 
0.7203192994464748 0.9876896496286379 0.8330775045134113 
0.7780241420317551 0.9919620074455772 0.8720637616275613 
0.74183803460327 0.9876292404403425 0.8472677629896274 
0.7461306482945751 0.992647352581798 0.851913944547784 
0.7374209479379245 0.9853293487715801 0.8435378055543221 
0.7692944215194335 0.9878491646258462 0.8649797974864691 
0.7249309695834549 0.98543906961358 0.835345900394475 
0.7397085297382693 0.9942957791062246 0.8483128503616553 
0.7459298055970526 0.9875405566639152 0.8498973521424664 
0.7484858071811511 0.9947290570704709 0.8542155031790356 
0.704326931533206 0.9853721949051315 0.821476632847154 
0.7608496648609357 0.9935162412901241 0.8617546619768831 
0.7409271346596491 0.9878696226896139 0.8467616633883506 
0.7909745301782639 0.9909959429343541 0.8797593026352328 
0.7337844251679326 0.9855661605097223 0.8412398315722884 
0.7721588803953087 0.9922960914869172 0.8684950891161894 
0.7619078123918376 0.9824633863383753 0.8582422479630949 
0.7498182004131838 0.9933283552044831 0.8545646117000131 
0.7223962722555588 0.9893422172796913 0.8350541091611999 
0.7703143388866807 0.9926673281440618 0.867468891950045 
0.7490630963089051 0.9860523290251095 0.8513732284524763 
0.7508688587224209 0.9916789720633559 0.854634627316324 
0.7384062853808017 0.987167679501657 0.8448560700421288 
0.7661005669487223 0.9926802591843679 0.8647955425258894 
0.7281270250903835 0.9843093405922146 0.8370556083681392 
0.7554730626485617 0.9939082255119389 0.8584416630049282 
0.759727989469558 0.9817116489952099 0.8565715409894922 
0.7592971183332904 0.9913183504392983 0.8599320413491094 
0.731143920517449 0.9865395590438055 0.8398548504746457 
0.7799983688253561 0.9874967455273558 0.8715677282239764 
0.7403744213272802 0.9888230456614333 0.8467503616016352 
0.7628398441795986 0.9919901855334083 0.8624534863741253 
0.7366153250352266 0.9824386215985614 0.8419507089851097 
