0.8150355408061765 0.9983538885766966 0.8974287467518445 
0.826336195263558 0.9905824455289337 0.9010355342892163 
0.8344532307169826 0.9949322540951723 0.9076538987183399 
0.8433777814911012 0.9924353069007783 0.9118552348274247 
0.809301188865927 0.998533579838412 0.8940135761023625 
0.8392766733317176 0.9909423859287025 0.908825448972989 
0.7786857437199629 0.9978721389039554 0.8747576605522251 
0.789448379639457 0.9948873830115105 0.8803412999751782 
0.8167299604198032 0.9977614759511284 0.898214975752998 
0.8094968141294303 0.9925140170691888 0.8917115489942978 
0.8320402784402933 0.9979377021306562 0.9074692399170815 
0.8063109626931252 0.995290822640154 0.8908893273705962 
0.8249238146771029 0.9967509905791874 0.9027337119218524 
0.8242038231038551 0.9948630325890392 0.9015280690299308 
0.8207286760747494 0.9981504757303894 0.9007863085973157 
0.8355412264673404 0.9908887692707729 0.9066084322981404 
0.8664111040799689 0.9926005582420092 0.9252229698254597 
0.7827002875284781 0.9957510799212304 0.8764644013614603 
0.8361416974912077 0.9978306402966453 0.9098586583838513 
0.8341206403368456 0.9937597755371197 0.9069691136394089 
0.8236039485183242 0.9977113460907826 0.9023358081427184 
0.8188238256715265 0.9951169972065035 0.8984036263659083 
0.8265960696659597 0.9979143805992753 0.9042119816267287 
0.7968000218403529 0.9943123472132456 0.8846659915528039 
0.8250691394052814 0.9963404630341438 0.9026522834723878 
0.8117098335800582 0.9949358552139885 0.8940316548704796 
0.8419074874078278 0.9957149544118364 0.9123744425031742 
0.8204293430510449 0.996416372332364 0.8998994497289298 
0.8490672569727494 0.9959879535144719 0.9166779995110524 
0.8239178857940668 0.992565633105554 0.9004128795350428 
0.8118077026550062 0.9974756157098636 0.895115076588035 
0.817374286727252 0.9950830438005225 0.897516625038551 
0.847602187879427 0.9974673274205249 0.9164483853308221 
0.7756136688708525 0.9934005210647445 0.8711010088950093 
0.8381047777490858 0.9964280902586706 0.910434648179504 
0.8253710069438843 0.9943840837864885 0.9020288463041662 
0.8292655354565388 0.9979555362428887 0.9058237614943719 
0.8323002265263866 0.9955519894952506 0.9066358200217686 
0.8441205660167493 0.9972953882872068 0.9143371932661463 
0.7717471571896856 0.9940252865990422 0.8688958668552652 
