0.8246692466892667 0.9952808211800293 0.9019780262518231 
0.7968522031365259 0.9810144961328912 0.8793950219930422 
0.829827471031132 0.993466735743305 0.904303853774499 
0.7823287498029345 0.9895451378224802 0.8738202148051449 
0.8094621129742533 0.9951102355255033 0.8927367578921865 
0.8015011579709588 0.9899282939446169 0.8858051016816909 
0.7914381059553689 0.9964603297874882 0.8821940444721066 
0.7846861180063451 0.9908472354163964 0.8757977643139134 
0.7802136460387616 0.9961010628094235 0.8750382329959614 
0.7811877027059997 0.9939249334429849 0.874808639865231 
0.8282842070821477 0.990405147009072 0.9021188143374832 
0.7879729745626262 0.9917488040765465 0.8781948555629402 
0.7991865006085593 0.9951768962508778 0.886478115406552 
0.780999977826145 0.9925677582670386 0.8741649742739509 
0.8148194829943974 0.9936664443212 0.8953995894593306 
0.7720967467757454 0.9927841910513555 0.8686426690118576 
0.8234351757646776 0.9937562789468121 0.9006138281139324 
0.8086845013260174 0.9900611862490654 0.8902282765313374 
0.8191579748924258 0.9948621889637018 0.8985008129966813 
0.785436056963011 0.9934666051938432 0.8772874533357435 
0.78171083604415 0.9970265883312546 0.8763367512732798 
0.7967453705223189 0.9862153916753914 0.8814131688312402 
0.7991976034551503 0.9967497285241133 0.8871084135893142 
0.7879412351410927 0.9910801941400644 0.8779129238596491 
0.7657992099646868 0.997509234870769 0.8664301316469871 
0.7889776816962406 0.988168722587386 0.8774100614248581 
0.809801881153829 0.9954258726296641 0.893070408999896 
0.8018316036423702 0.9908944984528036 0.8863936591387154 
0.7887280010748952 0.9950699672976214 0.8799646149977154 
0.8278490682588351 0.9792548532512767 0.8972092951628022 
0.7769569786706967 0.9972194895934168 0.8734155317301784 
0.7561607108764312 0.9914828048944994 0.8579785703494133 
0.8073997699757518 0.9966889217169914 0.8921140183819001 
0.795730321804874 0.9872504925526666 0.8812042685092186 
0.808360862530301 0.9961718004246546 0.8924929011825126 
0.7850036303439566 0.9916026082367766 0.8762905706626933 
0.7865793566404914 0.9952122087032973 0.878681203871971 
0.7743108385118844 0.9906955360058753 0.8692391169457176 
0.7990691149052604 0.9954979446858873 0.886533225157257 
0.787528034988051 0.9924616876063835 0.8781976577958743 
