0.5602780560510177 1.0 0.7181771914027326 
0.45078438310922386 1.0 0.6214353950283542 
0.6502081301181861 1.0 0.7880316649168598 
0.4207801788047388 1.0 0.5923227042183669 
0.5437078979378437 1.0 0.704418107420651 
0.39833962185487065 1.0 0.5697322962593032 
0.5004288361191314 1.0 0.6670477453812388 
0.4563447048849511 1.0 0.626698752505852 
0.5283342741610313 1.0 0.691385756497618 
0.4198425761989421 1.0 0.5913931350374094 
0.4721085270041013 1.0 0.6414045137893369 
0.36793470063637035 1.0 0.5379419068252385 
0.48998574734552325 1.0 0.6577052810316542 
0.39687251202879986 1.0 0.5682301120699802 
0.6093232263628523 0.9952159787183009 0.7558658699770797 
0.43828999906342164 1.0 0.6094598437711798 
0.5242335566173613 1.0 0.6878651297780911 
0.4296844989028574 1.0 0.60108995968355 
0.5080065221918464 1.0 0.6737457891806367 
0.40952221069306505 1.0 0.5810794715915858 
0.49281744445447395 1.0 0.6602514544363006 
0.4487974916427235 1.0 0.619544821455831 
0.5266875223946418 1.0 0.6899742280837159 
0.4021942171590939 1.0 0.5736640648453918 
0.5435107230217874 1.0 0.704252604034699 
0.3700228334449456 1.0 0.5401703160151234 
0.642408597529426 0.9908593358191056 0.7794637282414046 
0.41491827572916723 1.0 0.5864907999938616 
0.467485683180872 1.0 0.6371246936700138 
0.40495149694571153 1.0 0.5764633125428944 
0.6187465595958942 1.0 0.7644761385628628 
0.41763803792719084 1.0 0.5892026409475343 
0.5949962245938519 1.0 0.7460785366377417 
0.39978137160550653 1.0 0.5712054463862017 
0.5965611975711409 1.0 0.7473076490631156 
0.4160286369508106 1.0 0.5875991856303997 
0.5514034872564367 1.0 0.7108447180708102 
0.42114803958301195 1.0 0.5926870781267568 
0.5758422733847638 1.0 0.7308374487859216 
0.4220099233662885 1.0 0.5935400540205444 
